Entity,Code,Year,"8.7.1 - Proportion of children engaged in economic activity, by sex and age  (%) - SL_TLF_CHLDEA - 5 to 17 years old - Both sexes"
Tanzania,TZA,2021,15.0
Vietnam,VNM,2021,5.69
